E1	125890
E2	13079800726
E3	150 4 2 213678
E4	84706009
E5	110120119


E1
right =

       65882      107485      153290      197452      240646      318910


left =

       61058      102577      148418      192577      235736      314017